p cnf 999 4995
111 112 113 114 115 116 117 118 119 0
-111 -112 0
-111 -113 0
-111 -114 0
-111 -115 0
-111 -116 0
-111 -117 0
-111 -118 0
-111 -119 0
-112 -113 0
-112 -114 0
-112 -115 0
-112 -116 0
-112 -117 0
-112 -118 0
-112 -119 0
-113 -114 0
-113 -115 0
-113 -116 0
-113 -117 0
-113 -118 0
-113 -119 0
-114 -115 0
-114 -116 0
-114 -117 0
-114 -118 0
-114 -119 0
-115 -116 0
-115 -117 0
-115 -118 0
-115 -119 0
-116 -117 0
-116 -118 0
-116 -119 0
-117 -118 0
-117 -119 0
-118 -119 0
121 122 123 124 125 126 127 128 129 0
-121 -122 0
-121 -123 0
-121 -124 0
-121 -125 0
-121 -126 0
-121 -127 0
-121 -128 0
-121 -129 0
-122 -123 0
-122 -124 0
-122 -125 0
-122 -126 0
-122 -127 0
-122 -128 0
-122 -129 0
-123 -124 0
-123 -125 0
-123 -126 0
-123 -127 0
-123 -128 0
-123 -129 0
-124 -125 0
-124 -126 0
-124 -127 0
-124 -128 0
-124 -129 0
-125 -126 0
-125 -127 0
-125 -128 0
-125 -129 0
-126 -127 0
-126 -128 0
-126 -129 0
-127 -128 0
-127 -129 0
-128 -129 0
131 132 133 134 135 136 137 138 139 0
-131 -132 0
-131 -133 0
-131 -134 0
-131 -135 0
-131 -136 0
-131 -137 0
-131 -138 0
-131 -139 0
-132 -133 0
-132 -134 0
-132 -135 0
-132 -136 0
-132 -137 0
-132 -138 0
-132 -139 0
-133 -134 0
-133 -135 0
-133 -136 0
-133 -137 0
-133 -138 0
-133 -139 0
-134 -135 0
-134 -136 0
-134 -137 0
-134 -138 0
-134 -139 0
-135 -136 0
-135 -137 0
-135 -138 0
-135 -139 0
-136 -137 0
-136 -138 0
-136 -139 0
-137 -138 0
-137 -139 0
-138 -139 0
141 142 143 144 145 146 147 148 149 0
-141 -142 0
-141 -143 0
-141 -144 0
-141 -145 0
-141 -146 0
-141 -147 0
-141 -148 0
-141 -149 0
-142 -143 0
-142 -144 0
-142 -145 0
-142 -146 0
-142 -147 0
-142 -148 0
-142 -149 0
-143 -144 0
-143 -145 0
-143 -146 0
-143 -147 0
-143 -148 0
-143 -149 0
-144 -145 0
-144 -146 0
-144 -147 0
-144 -148 0
-144 -149 0
-145 -146 0
-145 -147 0
-145 -148 0
-145 -149 0
-146 -147 0
-146 -148 0
-146 -149 0
-147 -148 0
-147 -149 0
-148 -149 0
151 152 153 154 155 156 157 158 159 0
-151 -152 0
-151 -153 0
-151 -154 0
-151 -155 0
-151 -156 0
-151 -157 0
-151 -158 0
-151 -159 0
-152 -153 0
-152 -154 0
-152 -155 0
-152 -156 0
-152 -157 0
-152 -158 0
-152 -159 0
-153 -154 0
-153 -155 0
-153 -156 0
-153 -157 0
-153 -158 0
-153 -159 0
-154 -155 0
-154 -156 0
-154 -157 0
-154 -158 0
-154 -159 0
-155 -156 0
-155 -157 0
-155 -158 0
-155 -159 0
-156 -157 0
-156 -158 0
-156 -159 0
-157 -158 0
-157 -159 0
-158 -159 0
161 162 163 164 165 166 167 168 169 0
-161 -162 0
-161 -163 0
-161 -164 0
-161 -165 0
-161 -166 0
-161 -167 0
-161 -168 0
-161 -169 0
-162 -163 0
-162 -164 0
-162 -165 0
-162 -166 0
-162 -167 0
-162 -168 0
-162 -169 0
-163 -164 0
-163 -165 0
-163 -166 0
-163 -167 0
-163 -168 0
-163 -169 0
-164 -165 0
-164 -166 0
-164 -167 0
-164 -168 0
-164 -169 0
-165 -166 0
-165 -167 0
-165 -168 0
-165 -169 0
-166 -167 0
-166 -168 0
-166 -169 0
-167 -168 0
-167 -169 0
-168 -169 0
171 172 173 174 175 176 177 178 179 0
-171 -172 0
-171 -173 0
-171 -174 0
-171 -175 0
-171 -176 0
-171 -177 0
-171 -178 0
-171 -179 0
-172 -173 0
-172 -174 0
-172 -175 0
-172 -176 0
-172 -177 0
-172 -178 0
-172 -179 0
-173 -174 0
-173 -175 0
-173 -176 0
-173 -177 0
-173 -178 0
-173 -179 0
-174 -175 0
-174 -176 0
-174 -177 0
-174 -178 0
-174 -179 0
-175 -176 0
-175 -177 0
-175 -178 0
-175 -179 0
-176 -177 0
-176 -178 0
-176 -179 0
-177 -178 0
-177 -179 0
-178 -179 0
181 182 183 184 185 186 187 188 189 0
-181 -182 0
-181 -183 0
-181 -184 0
-181 -185 0
-181 -186 0
-181 -187 0
-181 -188 0
-181 -189 0
-182 -183 0
-182 -184 0
-182 -185 0
-182 -186 0
-182 -187 0
-182 -188 0
-182 -189 0
-183 -184 0
-183 -185 0
-183 -186 0
-183 -187 0
-183 -188 0
-183 -189 0
-184 -185 0
-184 -186 0
-184 -187 0
-184 -188 0
-184 -189 0
-185 -186 0
-185 -187 0
-185 -188 0
-185 -189 0
-186 -187 0
-186 -188 0
-186 -189 0
-187 -188 0
-187 -189 0
-188 -189 0
191 192 193 194 195 196 197 198 199 0
-191 -192 0
-191 -193 0
-191 -194 0
-191 -195 0
-191 -196 0
-191 -197 0
-191 -198 0
-191 -199 0
-192 -193 0
-192 -194 0
-192 -195 0
-192 -196 0
-192 -197 0
-192 -198 0
-192 -199 0
-193 -194 0
-193 -195 0
-193 -196 0
-193 -197 0
-193 -198 0
-193 -199 0
-194 -195 0
-194 -196 0
-194 -197 0
-194 -198 0
-194 -199 0
-195 -196 0
-195 -197 0
-195 -198 0
-195 -199 0
-196 -197 0
-196 -198 0
-196 -199 0
-197 -198 0
-197 -199 0
-198 -199 0
211 212 213 214 215 216 217 218 219 0
-211 -212 0
-211 -213 0
-211 -214 0
-211 -215 0
-211 -216 0
-211 -217 0
-211 -218 0
-211 -219 0
-212 -213 0
-212 -214 0
-212 -215 0
-212 -216 0
-212 -217 0
-212 -218 0
-212 -219 0
-213 -214 0
-213 -215 0
-213 -216 0
-213 -217 0
-213 -218 0
-213 -219 0
-214 -215 0
-214 -216 0
-214 -217 0
-214 -218 0
-214 -219 0
-215 -216 0
-215 -217 0
-215 -218 0
-215 -219 0
-216 -217 0
-216 -218 0
-216 -219 0
-217 -218 0
-217 -219 0
-218 -219 0
221 222 223 224 225 226 227 228 229 0
-221 -222 0
-221 -223 0
-221 -224 0
-221 -225 0
-221 -226 0
-221 -227 0
-221 -228 0
-221 -229 0
-222 -223 0
-222 -224 0
-222 -225 0
-222 -226 0
-222 -227 0
-222 -228 0
-222 -229 0
-223 -224 0
-223 -225 0
-223 -226 0
-223 -227 0
-223 -228 0
-223 -229 0
-224 -225 0
-224 -226 0
-224 -227 0
-224 -228 0
-224 -229 0
-225 -226 0
-225 -227 0
-225 -228 0
-225 -229 0
-226 -227 0
-226 -228 0
-226 -229 0
-227 -228 0
-227 -229 0
-228 -229 0
231 232 233 234 235 236 237 238 239 0
-231 -232 0
-231 -233 0
-231 -234 0
-231 -235 0
-231 -236 0
-231 -237 0
-231 -238 0
-231 -239 0
-232 -233 0
-232 -234 0
-232 -235 0
-232 -236 0
-232 -237 0
-232 -238 0
-232 -239 0
-233 -234 0
-233 -235 0
-233 -236 0
-233 -237 0
-233 -238 0
-233 -239 0
-234 -235 0
-234 -236 0
-234 -237 0
-234 -238 0
-234 -239 0
-235 -236 0
-235 -237 0
-235 -238 0
-235 -239 0
-236 -237 0
-236 -238 0
-236 -239 0
-237 -238 0
-237 -239 0
-238 -239 0
241 242 243 244 245 246 247 248 249 0
-241 -242 0
-241 -243 0
-241 -244 0
-241 -245 0
-241 -246 0
-241 -247 0
-241 -248 0
-241 -249 0
-242 -243 0
-242 -244 0
-242 -245 0
-242 -246 0
-242 -247 0
-242 -248 0
-242 -249 0
-243 -244 0
-243 -245 0
-243 -246 0
-243 -247 0
-243 -248 0
-243 -249 0
-244 -245 0
-244 -246 0
-244 -247 0
-244 -248 0
-244 -249 0
-245 -246 0
-245 -247 0
-245 -248 0
-245 -249 0
-246 -247 0
-246 -248 0
-246 -249 0
-247 -248 0
-247 -249 0
-248 -249 0
251 252 253 254 255 256 257 258 259 0
-251 -252 0
-251 -253 0
-251 -254 0
-251 -255 0
-251 -256 0
-251 -257 0
-251 -258 0
-251 -259 0
-252 -253 0
-252 -254 0
-252 -255 0
-252 -256 0
-252 -257 0
-252 -258 0
-252 -259 0
-253 -254 0
-253 -255 0
-253 -256 0
-253 -257 0
-253 -258 0
-253 -259 0
-254 -255 0
-254 -256 0
-254 -257 0
-254 -258 0
-254 -259 0
-255 -256 0
-255 -257 0
-255 -258 0
-255 -259 0
-256 -257 0
-256 -258 0
-256 -259 0
-257 -258 0
-257 -259 0
-258 -259 0
261 262 263 264 265 266 267 268 269 0
-261 -262 0
-261 -263 0
-261 -264 0
-261 -265 0
-261 -266 0
-261 -267 0
-261 -268 0
-261 -269 0
-262 -263 0
-262 -264 0
-262 -265 0
-262 -266 0
-262 -267 0
-262 -268 0
-262 -269 0
-263 -264 0
-263 -265 0
-263 -266 0
-263 -267 0
-263 -268 0
-263 -269 0
-264 -265 0
-264 -266 0
-264 -267 0
-264 -268 0
-264 -269 0
-265 -266 0
-265 -267 0
-265 -268 0
-265 -269 0
-266 -267 0
-266 -268 0
-266 -269 0
-267 -268 0
-267 -269 0
-268 -269 0
271 272 273 274 275 276 277 278 279 0
-271 -272 0
-271 -273 0
-271 -274 0
-271 -275 0
-271 -276 0
-271 -277 0
-271 -278 0
-271 -279 0
-272 -273 0
-272 -274 0
-272 -275 0
-272 -276 0
-272 -277 0
-272 -278 0
-272 -279 0
-273 -274 0
-273 -275 0
-273 -276 0
-273 -277 0
-273 -278 0
-273 -279 0
-274 -275 0
-274 -276 0
-274 -277 0
-274 -278 0
-274 -279 0
-275 -276 0
-275 -277 0
-275 -278 0
-275 -279 0
-276 -277 0
-276 -278 0
-276 -279 0
-277 -278 0
-277 -279 0
-278 -279 0
281 282 283 284 285 286 287 288 289 0
-281 -282 0
-281 -283 0
-281 -284 0
-281 -285 0
-281 -286 0
-281 -287 0
-281 -288 0
-281 -289 0
-282 -283 0
-282 -284 0
-282 -285 0
-282 -286 0
-282 -287 0
-282 -288 0
-282 -289 0
-283 -284 0
-283 -285 0
-283 -286 0
-283 -287 0
-283 -288 0
-283 -289 0
-284 -285 0
-284 -286 0
-284 -287 0
-284 -288 0
-284 -289 0
-285 -286 0
-285 -287 0
-285 -288 0
-285 -289 0
-286 -287 0
-286 -288 0
-286 -289 0
-287 -288 0
-287 -289 0
-288 -289 0
291 292 293 294 295 296 297 298 299 0
-291 -292 0
-291 -293 0
-291 -294 0
-291 -295 0
-291 -296 0
-291 -297 0
-291 -298 0
-291 -299 0
-292 -293 0
-292 -294 0
-292 -295 0
-292 -296 0
-292 -297 0
-292 -298 0
-292 -299 0
-293 -294 0
-293 -295 0
-293 -296 0
-293 -297 0
-293 -298 0
-293 -299 0
-294 -295 0
-294 -296 0
-294 -297 0
-294 -298 0
-294 -299 0
-295 -296 0
-295 -297 0
-295 -298 0
-295 -299 0
-296 -297 0
-296 -298 0
-296 -299 0
-297 -298 0
-297 -299 0
-298 -299 0
311 312 313 314 315 316 317 318 319 0
-311 -312 0
-311 -313 0
-311 -314 0
-311 -315 0
-311 -316 0
-311 -317 0
-311 -318 0
-311 -319 0
-312 -313 0
-312 -314 0
-312 -315 0
-312 -316 0
-312 -317 0
-312 -318 0
-312 -319 0
-313 -314 0
-313 -315 0
-313 -316 0
-313 -317 0
-313 -318 0
-313 -319 0
-314 -315 0
-314 -316 0
-314 -317 0
-314 -318 0
-314 -319 0
-315 -316 0
-315 -317 0
-315 -318 0
-315 -319 0
-316 -317 0
-316 -318 0
-316 -319 0
-317 -318 0
-317 -319 0
-318 -319 0
321 322 323 324 325 326 327 328 329 0
-321 -322 0
-321 -323 0
-321 -324 0
-321 -325 0
-321 -326 0
-321 -327 0
-321 -328 0
-321 -329 0
-322 -323 0
-322 -324 0
-322 -325 0
-322 -326 0
-322 -327 0
-322 -328 0
-322 -329 0
-323 -324 0
-323 -325 0
-323 -326 0
-323 -327 0
-323 -328 0
-323 -329 0
-324 -325 0
-324 -326 0
-324 -327 0
-324 -328 0
-324 -329 0
-325 -326 0
-325 -327 0
-325 -328 0
-325 -329 0
-326 -327 0
-326 -328 0
-326 -329 0
-327 -328 0
-327 -329 0
-328 -329 0
331 332 333 334 335 336 337 338 339 0
-331 -332 0
-331 -333 0
-331 -334 0
-331 -335 0
-331 -336 0
-331 -337 0
-331 -338 0
-331 -339 0
-332 -333 0
-332 -334 0
-332 -335 0
-332 -336 0
-332 -337 0
-332 -338 0
-332 -339 0
-333 -334 0
-333 -335 0
-333 -336 0
-333 -337 0
-333 -338 0
-333 -339 0
-334 -335 0
-334 -336 0
-334 -337 0
-334 -338 0
-334 -339 0
-335 -336 0
-335 -337 0
-335 -338 0
-335 -339 0
-336 -337 0
-336 -338 0
-336 -339 0
-337 -338 0
-337 -339 0
-338 -339 0
341 342 343 344 345 346 347 348 349 0
-341 -342 0
-341 -343 0
-341 -344 0
-341 -345 0
-341 -346 0
-341 -347 0
-341 -348 0
-341 -349 0
-342 -343 0
-342 -344 0
-342 -345 0
-342 -346 0
-342 -347 0
-342 -348 0
-342 -349 0
-343 -344 0
-343 -345 0
-343 -346 0
-343 -347 0
-343 -348 0
-343 -349 0
-344 -345 0
-344 -346 0
-344 -347 0
-344 -348 0
-344 -349 0
-345 -346 0
-345 -347 0
-345 -348 0
-345 -349 0
-346 -347 0
-346 -348 0
-346 -349 0
-347 -348 0
-347 -349 0
-348 -349 0
351 352 353 354 355 356 357 358 359 0
-351 -352 0
-351 -353 0
-351 -354 0
-351 -355 0
-351 -356 0
-351 -357 0
-351 -358 0
-351 -359 0
-352 -353 0
-352 -354 0
-352 -355 0
-352 -356 0
-352 -357 0
-352 -358 0
-352 -359 0
-353 -354 0
-353 -355 0
-353 -356 0
-353 -357 0
-353 -358 0
-353 -359 0
-354 -355 0
-354 -356 0
-354 -357 0
-354 -358 0
-354 -359 0
-355 -356 0
-355 -357 0
-355 -358 0
-355 -359 0
-356 -357 0
-356 -358 0
-356 -359 0
-357 -358 0
-357 -359 0
-358 -359 0
361 362 363 364 365 366 367 368 369 0
-361 -362 0
-361 -363 0
-361 -364 0
-361 -365 0
-361 -366 0
-361 -367 0
-361 -368 0
-361 -369 0
-362 -363 0
-362 -364 0
-362 -365 0
-362 -366 0
-362 -367 0
-362 -368 0
-362 -369 0
-363 -364 0
-363 -365 0
-363 -366 0
-363 -367 0
-363 -368 0
-363 -369 0
-364 -365 0
-364 -366 0
-364 -367 0
-364 -368 0
-364 -369 0
-365 -366 0
-365 -367 0
-365 -368 0
-365 -369 0
-366 -367 0
-366 -368 0
-366 -369 0
-367 -368 0
-367 -369 0
-368 -369 0
371 372 373 374 375 376 377 378 379 0
-371 -372 0
-371 -373 0
-371 -374 0
-371 -375 0
-371 -376 0
-371 -377 0
-371 -378 0
-371 -379 0
-372 -373 0
-372 -374 0
-372 -375 0
-372 -376 0
-372 -377 0
-372 -378 0
-372 -379 0
-373 -374 0
-373 -375 0
-373 -376 0
-373 -377 0
-373 -378 0
-373 -379 0
-374 -375 0
-374 -376 0
-374 -377 0
-374 -378 0
-374 -379 0
-375 -376 0
-375 -377 0
-375 -378 0
-375 -379 0
-376 -377 0
-376 -378 0
-376 -379 0
-377 -378 0
-377 -379 0
-378 -379 0
381 382 383 384 385 386 387 388 389 0
-381 -382 0
-381 -383 0
-381 -384 0
-381 -385 0
-381 -386 0
-381 -387 0
-381 -388 0
-381 -389 0
-382 -383 0
-382 -384 0
-382 -385 0
-382 -386 0
-382 -387 0
-382 -388 0
-382 -389 0
-383 -384 0
-383 -385 0
-383 -386 0
-383 -387 0
-383 -388 0
-383 -389 0
-384 -385 0
-384 -386 0
-384 -387 0
-384 -388 0
-384 -389 0
-385 -386 0
-385 -387 0
-385 -388 0
-385 -389 0
-386 -387 0
-386 -388 0
-386 -389 0
-387 -388 0
-387 -389 0
-388 -389 0
391 392 393 394 395 396 397 398 399 0
-391 -392 0
-391 -393 0
-391 -394 0
-391 -395 0
-391 -396 0
-391 -397 0
-391 -398 0
-391 -399 0
-392 -393 0
-392 -394 0
-392 -395 0
-392 -396 0
-392 -397 0
-392 -398 0
-392 -399 0
-393 -394 0
-393 -395 0
-393 -396 0
-393 -397 0
-393 -398 0
-393 -399 0
-394 -395 0
-394 -396 0
-394 -397 0
-394 -398 0
-394 -399 0
-395 -396 0
-395 -397 0
-395 -398 0
-395 -399 0
-396 -397 0
-396 -398 0
-396 -399 0
-397 -398 0
-397 -399 0
-398 -399 0
411 412 413 414 415 416 417 418 419 0
-411 -412 0
-411 -413 0
-411 -414 0
-411 -415 0
-411 -416 0
-411 -417 0
-411 -418 0
-411 -419 0
-412 -413 0
-412 -414 0
-412 -415 0
-412 -416 0
-412 -417 0
-412 -418 0
-412 -419 0
-413 -414 0
-413 -415 0
-413 -416 0
-413 -417 0
-413 -418 0
-413 -419 0
-414 -415 0
-414 -416 0
-414 -417 0
-414 -418 0
-414 -419 0
-415 -416 0
-415 -417 0
-415 -418 0
-415 -419 0
-416 -417 0
-416 -418 0
-416 -419 0
-417 -418 0
-417 -419 0
-418 -419 0
421 422 423 424 425 426 427 428 429 0
-421 -422 0
-421 -423 0
-421 -424 0
-421 -425 0
-421 -426 0
-421 -427 0
-421 -428 0
-421 -429 0
-422 -423 0
-422 -424 0
-422 -425 0
-422 -426 0
-422 -427 0
-422 -428 0
-422 -429 0
-423 -424 0
-423 -425 0
-423 -426 0
-423 -427 0
-423 -428 0
-423 -429 0
-424 -425 0
-424 -426 0
-424 -427 0
-424 -428 0
-424 -429 0
-425 -426 0
-425 -427 0
-425 -428 0
-425 -429 0
-426 -427 0
-426 -428 0
-426 -429 0
-427 -428 0
-427 -429 0
-428 -429 0
431 432 433 434 435 436 437 438 439 0
-431 -432 0
-431 -433 0
-431 -434 0
-431 -435 0
-431 -436 0
-431 -437 0
-431 -438 0
-431 -439 0
-432 -433 0
-432 -434 0
-432 -435 0
-432 -436 0
-432 -437 0
-432 -438 0
-432 -439 0
-433 -434 0
-433 -435 0
-433 -436 0
-433 -437 0
-433 -438 0
-433 -439 0
-434 -435 0
-434 -436 0
-434 -437 0
-434 -438 0
-434 -439 0
-435 -436 0
-435 -437 0
-435 -438 0
-435 -439 0
-436 -437 0
-436 -438 0
-436 -439 0
-437 -438 0
-437 -439 0
-438 -439 0
441 442 443 444 445 446 447 448 449 0
-441 -442 0
-441 -443 0
-441 -444 0
-441 -445 0
-441 -446 0
-441 -447 0
-441 -448 0
-441 -449 0
-442 -443 0
-442 -444 0
-442 -445 0
-442 -446 0
-442 -447 0
-442 -448 0
-442 -449 0
-443 -444 0
-443 -445 0
-443 -446 0
-443 -447 0
-443 -448 0
-443 -449 0
-444 -445 0
-444 -446 0
-444 -447 0
-444 -448 0
-444 -449 0
-445 -446 0
-445 -447 0
-445 -448 0
-445 -449 0
-446 -447 0
-446 -448 0
-446 -449 0
-447 -448 0
-447 -449 0
-448 -449 0
451 452 453 454 455 456 457 458 459 0
-451 -452 0
-451 -453 0
-451 -454 0
-451 -455 0
-451 -456 0
-451 -457 0
-451 -458 0
-451 -459 0
-452 -453 0
-452 -454 0
-452 -455 0
-452 -456 0
-452 -457 0
-452 -458 0
-452 -459 0
-453 -454 0
-453 -455 0
-453 -456 0
-453 -457 0
-453 -458 0
-453 -459 0
-454 -455 0
-454 -456 0
-454 -457 0
-454 -458 0
-454 -459 0
-455 -456 0
-455 -457 0
-455 -458 0
-455 -459 0
-456 -457 0
-456 -458 0
-456 -459 0
-457 -458 0
-457 -459 0
-458 -459 0
461 462 463 464 465 466 467 468 469 0
-461 -462 0
-461 -463 0
-461 -464 0
-461 -465 0
-461 -466 0
-461 -467 0
-461 -468 0
-461 -469 0
-462 -463 0
-462 -464 0
-462 -465 0
-462 -466 0
-462 -467 0
-462 -468 0
-462 -469 0
-463 -464 0
-463 -465 0
-463 -466 0
-463 -467 0
-463 -468 0
-463 -469 0
-464 -465 0
-464 -466 0
-464 -467 0
-464 -468 0
-464 -469 0
-465 -466 0
-465 -467 0
-465 -468 0
-465 -469 0
-466 -467 0
-466 -468 0
-466 -469 0
-467 -468 0
-467 -469 0
-468 -469 0
471 472 473 474 475 476 477 478 479 0
-471 -472 0
-471 -473 0
-471 -474 0
-471 -475 0
-471 -476 0
-471 -477 0
-471 -478 0
-471 -479 0
-472 -473 0
-472 -474 0
-472 -475 0
-472 -476 0
-472 -477 0
-472 -478 0
-472 -479 0
-473 -474 0
-473 -475 0
-473 -476 0
-473 -477 0
-473 -478 0
-473 -479 0
-474 -475 0
-474 -476 0
-474 -477 0
-474 -478 0
-474 -479 0
-475 -476 0
-475 -477 0
-475 -478 0
-475 -479 0
-476 -477 0
-476 -478 0
-476 -479 0
-477 -478 0
-477 -479 0
-478 -479 0
481 482 483 484 485 486 487 488 489 0
-481 -482 0
-481 -483 0
-481 -484 0
-481 -485 0
-481 -486 0
-481 -487 0
-481 -488 0
-481 -489 0
-482 -483 0
-482 -484 0
-482 -485 0
-482 -486 0
-482 -487 0
-482 -488 0
-482 -489 0
-483 -484 0
-483 -485 0
-483 -486 0
-483 -487 0
-483 -488 0
-483 -489 0
-484 -485 0
-484 -486 0
-484 -487 0
-484 -488 0
-484 -489 0
-485 -486 0
-485 -487 0
-485 -488 0
-485 -489 0
-486 -487 0
-486 -488 0
-486 -489 0
-487 -488 0
-487 -489 0
-488 -489 0
491 492 493 494 495 496 497 498 499 0
-491 -492 0
-491 -493 0
-491 -494 0
-491 -495 0
-491 -496 0
-491 -497 0
-491 -498 0
-491 -499 0
-492 -493 0
-492 -494 0
-492 -495 0
-492 -496 0
-492 -497 0
-492 -498 0
-492 -499 0
-493 -494 0
-493 -495 0
-493 -496 0
-493 -497 0
-493 -498 0
-493 -499 0
-494 -495 0
-494 -496 0
-494 -497 0
-494 -498 0
-494 -499 0
-495 -496 0
-495 -497 0
-495 -498 0
-495 -499 0
-496 -497 0
-496 -498 0
-496 -499 0
-497 -498 0
-497 -499 0
-498 -499 0
511 512 513 514 515 516 517 518 519 0
-511 -512 0
-511 -513 0
-511 -514 0
-511 -515 0
-511 -516 0
-511 -517 0
-511 -518 0
-511 -519 0
-512 -513 0
-512 -514 0
-512 -515 0
-512 -516 0
-512 -517 0
-512 -518 0
-512 -519 0
-513 -514 0
-513 -515 0
-513 -516 0
-513 -517 0
-513 -518 0
-513 -519 0
-514 -515 0
-514 -516 0
-514 -517 0
-514 -518 0
-514 -519 0
-515 -516 0
-515 -517 0
-515 -518 0
-515 -519 0
-516 -517 0
-516 -518 0
-516 -519 0
-517 -518 0
-517 -519 0
-518 -519 0
521 522 523 524 525 526 527 528 529 0
-521 -522 0
-521 -523 0
-521 -524 0
-521 -525 0
-521 -526 0
-521 -527 0
-521 -528 0
-521 -529 0
-522 -523 0
-522 -524 0
-522 -525 0
-522 -526 0
-522 -527 0
-522 -528 0
-522 -529 0
-523 -524 0
-523 -525 0
-523 -526 0
-523 -527 0
-523 -528 0
-523 -529 0
-524 -525 0
-524 -526 0
-524 -527 0
-524 -528 0
-524 -529 0
-525 -526 0
-525 -527 0
-525 -528 0
-525 -529 0
-526 -527 0
-526 -528 0
-526 -529 0
-527 -528 0
-527 -529 0
-528 -529 0
531 532 533 534 535 536 537 538 539 0
-531 -532 0
-531 -533 0
-531 -534 0
-531 -535 0
-531 -536 0
-531 -537 0
-531 -538 0
-531 -539 0
-532 -533 0
-532 -534 0
-532 -535 0
-532 -536 0
-532 -537 0
-532 -538 0
-532 -539 0
-533 -534 0
-533 -535 0
-533 -536 0
-533 -537 0
-533 -538 0
-533 -539 0
-534 -535 0
-534 -536 0
-534 -537 0
-534 -538 0
-534 -539 0
-535 -536 0
-535 -537 0
-535 -538 0
-535 -539 0
-536 -537 0
-536 -538 0
-536 -539 0
-537 -538 0
-537 -539 0
-538 -539 0
541 542 543 544 545 546 547 548 549 0
-541 -542 0
-541 -543 0
-541 -544 0
-541 -545 0
-541 -546 0
-541 -547 0
-541 -548 0
-541 -549 0
-542 -543 0
-542 -544 0
-542 -545 0
-542 -546 0
-542 -547 0
-542 -548 0
-542 -549 0
-543 -544 0
-543 -545 0
-543 -546 0
-543 -547 0
-543 -548 0
-543 -549 0
-544 -545 0
-544 -546 0
-544 -547 0
-544 -548 0
-544 -549 0
-545 -546 0
-545 -547 0
-545 -548 0
-545 -549 0
-546 -547 0
-546 -548 0
-546 -549 0
-547 -548 0
-547 -549 0
-548 -549 0
551 552 553 554 555 556 557 558 559 0
-551 -552 0
-551 -553 0
-551 -554 0
-551 -555 0
-551 -556 0
-551 -557 0
-551 -558 0
-551 -559 0
-552 -553 0
-552 -554 0
-552 -555 0
-552 -556 0
-552 -557 0
-552 -558 0
-552 -559 0
-553 -554 0
-553 -555 0
-553 -556 0
-553 -557 0
-553 -558 0
-553 -559 0
-554 -555 0
-554 -556 0
-554 -557 0
-554 -558 0
-554 -559 0
-555 -556 0
-555 -557 0
-555 -558 0
-555 -559 0
-556 -557 0
-556 -558 0
-556 -559 0
-557 -558 0
-557 -559 0
-558 -559 0
561 562 563 564 565 566 567 568 569 0
-561 -562 0
-561 -563 0
-561 -564 0
-561 -565 0
-561 -566 0
-561 -567 0
-561 -568 0
-561 -569 0
-562 -563 0
-562 -564 0
-562 -565 0
-562 -566 0
-562 -567 0
-562 -568 0
-562 -569 0
-563 -564 0
-563 -565 0
-563 -566 0
-563 -567 0
-563 -568 0
-563 -569 0
-564 -565 0
-564 -566 0
-564 -567 0
-564 -568 0
-564 -569 0
-565 -566 0
-565 -567 0
-565 -568 0
-565 -569 0
-566 -567 0
-566 -568 0
-566 -569 0
-567 -568 0
-567 -569 0
-568 -569 0
571 572 573 574 575 576 577 578 579 0
-571 -572 0
-571 -573 0
-571 -574 0
-571 -575 0
-571 -576 0
-571 -577 0
-571 -578 0
-571 -579 0
-572 -573 0
-572 -574 0
-572 -575 0
-572 -576 0
-572 -577 0
-572 -578 0
-572 -579 0
-573 -574 0
-573 -575 0
-573 -576 0
-573 -577 0
-573 -578 0
-573 -579 0
-574 -575 0
-574 -576 0
-574 -577 0
-574 -578 0
-574 -579 0
-575 -576 0
-575 -577 0
-575 -578 0
-575 -579 0
-576 -577 0
-576 -578 0
-576 -579 0
-577 -578 0
-577 -579 0
-578 -579 0
581 582 583 584 585 586 587 588 589 0
-581 -582 0
-581 -583 0
-581 -584 0
-581 -585 0
-581 -586 0
-581 -587 0
-581 -588 0
-581 -589 0
-582 -583 0
-582 -584 0
-582 -585 0
-582 -586 0
-582 -587 0
-582 -588 0
-582 -589 0
-583 -584 0
-583 -585 0
-583 -586 0
-583 -587 0
-583 -588 0
-583 -589 0
-584 -585 0
-584 -586 0
-584 -587 0
-584 -588 0
-584 -589 0
-585 -586 0
-585 -587 0
-585 -588 0
-585 -589 0
-586 -587 0
-586 -588 0
-586 -589 0
-587 -588 0
-587 -589 0
-588 -589 0
591 592 593 594 595 596 597 598 599 0
-591 -592 0
-591 -593 0
-591 -594 0
-591 -595 0
-591 -596 0
-591 -597 0
-591 -598 0
-591 -599 0
-592 -593 0
-592 -594 0
-592 -595 0
-592 -596 0
-592 -597 0
-592 -598 0
-592 -599 0
-593 -594 0
-593 -595 0
-593 -596 0
-593 -597 0
-593 -598 0
-593 -599 0
-594 -595 0
-594 -596 0
-594 -597 0
-594 -598 0
-594 -599 0
-595 -596 0
-595 -597 0
-595 -598 0
-595 -599 0
-596 -597 0
-596 -598 0
-596 -599 0
-597 -598 0
-597 -599 0
-598 -599 0
611 612 613 614 615 616 617 618 619 0
-611 -612 0
-611 -613 0
-611 -614 0
-611 -615 0
-611 -616 0
-611 -617 0
-611 -618 0
-611 -619 0
-612 -613 0
-612 -614 0
-612 -615 0
-612 -616 0
-612 -617 0
-612 -618 0
-612 -619 0
-613 -614 0
-613 -615 0
-613 -616 0
-613 -617 0
-613 -618 0
-613 -619 0
-614 -615 0
-614 -616 0
-614 -617 0
-614 -618 0
-614 -619 0
-615 -616 0
-615 -617 0
-615 -618 0
-615 -619 0
-616 -617 0
-616 -618 0
-616 -619 0
-617 -618 0
-617 -619 0
-618 -619 0
621 622 623 624 625 626 627 628 629 0
-621 -622 0
-621 -623 0
-621 -624 0
-621 -625 0
-621 -626 0
-621 -627 0
-621 -628 0
-621 -629 0
-622 -623 0
-622 -624 0
-622 -625 0
-622 -626 0
-622 -627 0
-622 -628 0
-622 -629 0
-623 -624 0
-623 -625 0
-623 -626 0
-623 -627 0
-623 -628 0
-623 -629 0
-624 -625 0
-624 -626 0
-624 -627 0
-624 -628 0
-624 -629 0
-625 -626 0
-625 -627 0
-625 -628 0
-625 -629 0
-626 -627 0
-626 -628 0
-626 -629 0
-627 -628 0
-627 -629 0
-628 -629 0
631 632 633 634 635 636 637 638 639 0
-631 -632 0
-631 -633 0
-631 -634 0
-631 -635 0
-631 -636 0
-631 -637 0
-631 -638 0
-631 -639 0
-632 -633 0
-632 -634 0
-632 -635 0
-632 -636 0
-632 -637 0
-632 -638 0
-632 -639 0
-633 -634 0
-633 -635 0
-633 -636 0
-633 -637 0
-633 -638 0
-633 -639 0
-634 -635 0
-634 -636 0
-634 -637 0
-634 -638 0
-634 -639 0
-635 -636 0
-635 -637 0
-635 -638 0
-635 -639 0
-636 -637 0
-636 -638 0
-636 -639 0
-637 -638 0
-637 -639 0
-638 -639 0
641 642 643 644 645 646 647 648 649 0
-641 -642 0
-641 -643 0
-641 -644 0
-641 -645 0
-641 -646 0
-641 -647 0
-641 -648 0
-641 -649 0
-642 -643 0
-642 -644 0
-642 -645 0
-642 -646 0
-642 -647 0
-642 -648 0
-642 -649 0
-643 -644 0
-643 -645 0
-643 -646 0
-643 -647 0
-643 -648 0
-643 -649 0
-644 -645 0
-644 -646 0
-644 -647 0
-644 -648 0
-644 -649 0
-645 -646 0
-645 -647 0
-645 -648 0
-645 -649 0
-646 -647 0
-646 -648 0
-646 -649 0
-647 -648 0
-647 -649 0
-648 -649 0
651 652 653 654 655 656 657 658 659 0
-651 -652 0
-651 -653 0
-651 -654 0
-651 -655 0
-651 -656 0
-651 -657 0
-651 -658 0
-651 -659 0
-652 -653 0
-652 -654 0
-652 -655 0
-652 -656 0
-652 -657 0
-652 -658 0
-652 -659 0
-653 -654 0
-653 -655 0
-653 -656 0
-653 -657 0
-653 -658 0
-653 -659 0
-654 -655 0
-654 -656 0
-654 -657 0
-654 -658 0
-654 -659 0
-655 -656 0
-655 -657 0
-655 -658 0
-655 -659 0
-656 -657 0
-656 -658 0
-656 -659 0
-657 -658 0
-657 -659 0
-658 -659 0
661 662 663 664 665 666 667 668 669 0
-661 -662 0
-661 -663 0
-661 -664 0
-661 -665 0
-661 -666 0
-661 -667 0
-661 -668 0
-661 -669 0
-662 -663 0
-662 -664 0
-662 -665 0
-662 -666 0
-662 -667 0
-662 -668 0
-662 -669 0
-663 -664 0
-663 -665 0
-663 -666 0
-663 -667 0
-663 -668 0
-663 -669 0
-664 -665 0
-664 -666 0
-664 -667 0
-664 -668 0
-664 -669 0
-665 -666 0
-665 -667 0
-665 -668 0
-665 -669 0
-666 -667 0
-666 -668 0
-666 -669 0
-667 -668 0
-667 -669 0
-668 -669 0
671 672 673 674 675 676 677 678 679 0
-671 -672 0
-671 -673 0
-671 -674 0
-671 -675 0
-671 -676 0
-671 -677 0
-671 -678 0
-671 -679 0
-672 -673 0
-672 -674 0
-672 -675 0
-672 -676 0
-672 -677 0
-672 -678 0
-672 -679 0
-673 -674 0
-673 -675 0
-673 -676 0
-673 -677 0
-673 -678 0
-673 -679 0
-674 -675 0
-674 -676 0
-674 -677 0
-674 -678 0
-674 -679 0
-675 -676 0
-675 -677 0
-675 -678 0
-675 -679 0
-676 -677 0
-676 -678 0
-676 -679 0
-677 -678 0
-677 -679 0
-678 -679 0
681 682 683 684 685 686 687 688 689 0
-681 -682 0
-681 -683 0
-681 -684 0
-681 -685 0
-681 -686 0
-681 -687 0
-681 -688 0
-681 -689 0
-682 -683 0
-682 -684 0
-682 -685 0
-682 -686 0
-682 -687 0
-682 -688 0
-682 -689 0
-683 -684 0
-683 -685 0
-683 -686 0
-683 -687 0
-683 -688 0
-683 -689 0
-684 -685 0
-684 -686 0
-684 -687 0
-684 -688 0
-684 -689 0
-685 -686 0
-685 -687 0
-685 -688 0
-685 -689 0
-686 -687 0
-686 -688 0
-686 -689 0
-687 -688 0
-687 -689 0
-688 -689 0
691 692 693 694 695 696 697 698 699 0
-691 -692 0
-691 -693 0
-691 -694 0
-691 -695 0
-691 -696 0
-691 -697 0
-691 -698 0
-691 -699 0
-692 -693 0
-692 -694 0
-692 -695 0
-692 -696 0
-692 -697 0
-692 -698 0
-692 -699 0
-693 -694 0
-693 -695 0
-693 -696 0
-693 -697 0
-693 -698 0
-693 -699 0
-694 -695 0
-694 -696 0
-694 -697 0
-694 -698 0
-694 -699 0
-695 -696 0
-695 -697 0
-695 -698 0
-695 -699 0
-696 -697 0
-696 -698 0
-696 -699 0
-697 -698 0
-697 -699 0
-698 -699 0
711 712 713 714 715 716 717 718 719 0
-711 -712 0
-711 -713 0
-711 -714 0
-711 -715 0
-711 -716 0
-711 -717 0
-711 -718 0
-711 -719 0
-712 -713 0
-712 -714 0
-712 -715 0
-712 -716 0
-712 -717 0
-712 -718 0
-712 -719 0
-713 -714 0
-713 -715 0
-713 -716 0
-713 -717 0
-713 -718 0
-713 -719 0
-714 -715 0
-714 -716 0
-714 -717 0
-714 -718 0
-714 -719 0
-715 -716 0
-715 -717 0
-715 -718 0
-715 -719 0
-716 -717 0
-716 -718 0
-716 -719 0
-717 -718 0
-717 -719 0
-718 -719 0
721 722 723 724 725 726 727 728 729 0
-721 -722 0
-721 -723 0
-721 -724 0
-721 -725 0
-721 -726 0
-721 -727 0
-721 -728 0
-721 -729 0
-722 -723 0
-722 -724 0
-722 -725 0
-722 -726 0
-722 -727 0
-722 -728 0
-722 -729 0
-723 -724 0
-723 -725 0
-723 -726 0
-723 -727 0
-723 -728 0
-723 -729 0
-724 -725 0
-724 -726 0
-724 -727 0
-724 -728 0
-724 -729 0
-725 -726 0
-725 -727 0
-725 -728 0
-725 -729 0
-726 -727 0
-726 -728 0
-726 -729 0
-727 -728 0
-727 -729 0
-728 -729 0
731 732 733 734 735 736 737 738 739 0
-731 -732 0
-731 -733 0
-731 -734 0
-731 -735 0
-731 -736 0
-731 -737 0
-731 -738 0
-731 -739 0
-732 -733 0
-732 -734 0
-732 -735 0
-732 -736 0
-732 -737 0
-732 -738 0
-732 -739 0
-733 -734 0
-733 -735 0
-733 -736 0
-733 -737 0
-733 -738 0
-733 -739 0
-734 -735 0
-734 -736 0
-734 -737 0
-734 -738 0
-734 -739 0
-735 -736 0
-735 -737 0
-735 -738 0
-735 -739 0
-736 -737 0
-736 -738 0
-736 -739 0
-737 -738 0
-737 -739 0
-738 -739 0
741 742 743 744 745 746 747 748 749 0
-741 -742 0
-741 -743 0
-741 -744 0
-741 -745 0
-741 -746 0
-741 -747 0
-741 -748 0
-741 -749 0
-742 -743 0
-742 -744 0
-742 -745 0
-742 -746 0
-742 -747 0
-742 -748 0
-742 -749 0
-743 -744 0
-743 -745 0
-743 -746 0
-743 -747 0
-743 -748 0
-743 -749 0
-744 -745 0
-744 -746 0
-744 -747 0
-744 -748 0
-744 -749 0
-745 -746 0
-745 -747 0
-745 -748 0
-745 -749 0
-746 -747 0
-746 -748 0
-746 -749 0
-747 -748 0
-747 -749 0
-748 -749 0
751 752 753 754 755 756 757 758 759 0
-751 -752 0
-751 -753 0
-751 -754 0
-751 -755 0
-751 -756 0
-751 -757 0
-751 -758 0
-751 -759 0
-752 -753 0
-752 -754 0
-752 -755 0
-752 -756 0
-752 -757 0
-752 -758 0
-752 -759 0
-753 -754 0
-753 -755 0
-753 -756 0
-753 -757 0
-753 -758 0
-753 -759 0
-754 -755 0
-754 -756 0
-754 -757 0
-754 -758 0
-754 -759 0
-755 -756 0
-755 -757 0
-755 -758 0
-755 -759 0
-756 -757 0
-756 -758 0
-756 -759 0
-757 -758 0
-757 -759 0
-758 -759 0
761 762 763 764 765 766 767 768 769 0
-761 -762 0
-761 -763 0
-761 -764 0
-761 -765 0
-761 -766 0
-761 -767 0
-761 -768 0
-761 -769 0
-762 -763 0
-762 -764 0
-762 -765 0
-762 -766 0
-762 -767 0
-762 -768 0
-762 -769 0
-763 -764 0
-763 -765 0
-763 -766 0
-763 -767 0
-763 -768 0
-763 -769 0
-764 -765 0
-764 -766 0
-764 -767 0
-764 -768 0
-764 -769 0
-765 -766 0
-765 -767 0
-765 -768 0
-765 -769 0
-766 -767 0
-766 -768 0
-766 -769 0
-767 -768 0
-767 -769 0
-768 -769 0
771 772 773 774 775 776 777 778 779 0
-771 -772 0
-771 -773 0
-771 -774 0
-771 -775 0
-771 -776 0
-771 -777 0
-771 -778 0
-771 -779 0
-772 -773 0
-772 -774 0
-772 -775 0
-772 -776 0
-772 -777 0
-772 -778 0
-772 -779 0
-773 -774 0
-773 -775 0
-773 -776 0
-773 -777 0
-773 -778 0
-773 -779 0
-774 -775 0
-774 -776 0
-774 -777 0
-774 -778 0
-774 -779 0
-775 -776 0
-775 -777 0
-775 -778 0
-775 -779 0
-776 -777 0
-776 -778 0
-776 -779 0
-777 -778 0
-777 -779 0
-778 -779 0
781 782 783 784 785 786 787 788 789 0
-781 -782 0
-781 -783 0
-781 -784 0
-781 -785 0
-781 -786 0
-781 -787 0
-781 -788 0
-781 -789 0
-782 -783 0
-782 -784 0
-782 -785 0
-782 -786 0
-782 -787 0
-782 -788 0
-782 -789 0
-783 -784 0
-783 -785 0
-783 -786 0
-783 -787 0
-783 -788 0
-783 -789 0
-784 -785 0
-784 -786 0
-784 -787 0
-784 -788 0
-784 -789 0
-785 -786 0
-785 -787 0
-785 -788 0
-785 -789 0
-786 -787 0
-786 -788 0
-786 -789 0
-787 -788 0
-787 -789 0
-788 -789 0
791 792 793 794 795 796 797 798 799 0
-791 -792 0
-791 -793 0
-791 -794 0
-791 -795 0
-791 -796 0
-791 -797 0
-791 -798 0
-791 -799 0
-792 -793 0
-792 -794 0
-792 -795 0
-792 -796 0
-792 -797 0
-792 -798 0
-792 -799 0
-793 -794 0
-793 -795 0
-793 -796 0
-793 -797 0
-793 -798 0
-793 -799 0
-794 -795 0
-794 -796 0
-794 -797 0
-794 -798 0
-794 -799 0
-795 -796 0
-795 -797 0
-795 -798 0
-795 -799 0
-796 -797 0
-796 -798 0
-796 -799 0
-797 -798 0
-797 -799 0
-798 -799 0
811 812 813 814 815 816 817 818 819 0
-811 -812 0
-811 -813 0
-811 -814 0
-811 -815 0
-811 -816 0
-811 -817 0
-811 -818 0
-811 -819 0
-812 -813 0
-812 -814 0
-812 -815 0
-812 -816 0
-812 -817 0
-812 -818 0
-812 -819 0
-813 -814 0
-813 -815 0
-813 -816 0
-813 -817 0
-813 -818 0
-813 -819 0
-814 -815 0
-814 -816 0
-814 -817 0
-814 -818 0
-814 -819 0
-815 -816 0
-815 -817 0
-815 -818 0
-815 -819 0
-816 -817 0
-816 -818 0
-816 -819 0
-817 -818 0
-817 -819 0
-818 -819 0
821 822 823 824 825 826 827 828 829 0
-821 -822 0
-821 -823 0
-821 -824 0
-821 -825 0
-821 -826 0
-821 -827 0
-821 -828 0
-821 -829 0
-822 -823 0
-822 -824 0
-822 -825 0
-822 -826 0
-822 -827 0
-822 -828 0
-822 -829 0
-823 -824 0
-823 -825 0
-823 -826 0
-823 -827 0
-823 -828 0
-823 -829 0
-824 -825 0
-824 -826 0
-824 -827 0
-824 -828 0
-824 -829 0
-825 -826 0
-825 -827 0
-825 -828 0
-825 -829 0
-826 -827 0
-826 -828 0
-826 -829 0
-827 -828 0
-827 -829 0
-828 -829 0
831 832 833 834 835 836 837 838 839 0
-831 -832 0
-831 -833 0
-831 -834 0
-831 -835 0
-831 -836 0
-831 -837 0
-831 -838 0
-831 -839 0
-832 -833 0
-832 -834 0
-832 -835 0
-832 -836 0
-832 -837 0
-832 -838 0
-832 -839 0
-833 -834 0
-833 -835 0
-833 -836 0
-833 -837 0
-833 -838 0
-833 -839 0
-834 -835 0
-834 -836 0
-834 -837 0
-834 -838 0
-834 -839 0
-835 -836 0
-835 -837 0
-835 -838 0
-835 -839 0
-836 -837 0
-836 -838 0
-836 -839 0
-837 -838 0
-837 -839 0
-838 -839 0
841 842 843 844 845 846 847 848 849 0
-841 -842 0
-841 -843 0
-841 -844 0
-841 -845 0
-841 -846 0
-841 -847 0
-841 -848 0
-841 -849 0
-842 -843 0
-842 -844 0
-842 -845 0
-842 -846 0
-842 -847 0
-842 -848 0
-842 -849 0
-843 -844 0
-843 -845 0
-843 -846 0
-843 -847 0
-843 -848 0
-843 -849 0
-844 -845 0
-844 -846 0
-844 -847 0
-844 -848 0
-844 -849 0
-845 -846 0
-845 -847 0
-845 -848 0
-845 -849 0
-846 -847 0
-846 -848 0
-846 -849 0
-847 -848 0
-847 -849 0
-848 -849 0
851 852 853 854 855 856 857 858 859 0
-851 -852 0
-851 -853 0
-851 -854 0
-851 -855 0
-851 -856 0
-851 -857 0
-851 -858 0
-851 -859 0
-852 -853 0
-852 -854 0
-852 -855 0
-852 -856 0
-852 -857 0
-852 -858 0
-852 -859 0
-853 -854 0
-853 -855 0
-853 -856 0
-853 -857 0
-853 -858 0
-853 -859 0
-854 -855 0
-854 -856 0
-854 -857 0
-854 -858 0
-854 -859 0
-855 -856 0
-855 -857 0
-855 -858 0
-855 -859 0
-856 -857 0
-856 -858 0
-856 -859 0
-857 -858 0
-857 -859 0
-858 -859 0
861 862 863 864 865 866 867 868 869 0
-861 -862 0
-861 -863 0
-861 -864 0
-861 -865 0
-861 -866 0
-861 -867 0
-861 -868 0
-861 -869 0
-862 -863 0
-862 -864 0
-862 -865 0
-862 -866 0
-862 -867 0
-862 -868 0
-862 -869 0
-863 -864 0
-863 -865 0
-863 -866 0
-863 -867 0
-863 -868 0
-863 -869 0
-864 -865 0
-864 -866 0
-864 -867 0
-864 -868 0
-864 -869 0
-865 -866 0
-865 -867 0
-865 -868 0
-865 -869 0
-866 -867 0
-866 -868 0
-866 -869 0
-867 -868 0
-867 -869 0
-868 -869 0
871 872 873 874 875 876 877 878 879 0
-871 -872 0
-871 -873 0
-871 -874 0
-871 -875 0
-871 -876 0
-871 -877 0
-871 -878 0
-871 -879 0
-872 -873 0
-872 -874 0
-872 -875 0
-872 -876 0
-872 -877 0
-872 -878 0
-872 -879 0
-873 -874 0
-873 -875 0
-873 -876 0
-873 -877 0
-873 -878 0
-873 -879 0
-874 -875 0
-874 -876 0
-874 -877 0
-874 -878 0
-874 -879 0
-875 -876 0
-875 -877 0
-875 -878 0
-875 -879 0
-876 -877 0
-876 -878 0
-876 -879 0
-877 -878 0
-877 -879 0
-878 -879 0
881 882 883 884 885 886 887 888 889 0
-881 -882 0
-881 -883 0
-881 -884 0
-881 -885 0
-881 -886 0
-881 -887 0
-881 -888 0
-881 -889 0
-882 -883 0
-882 -884 0
-882 -885 0
-882 -886 0
-882 -887 0
-882 -888 0
-882 -889 0
-883 -884 0
-883 -885 0
-883 -886 0
-883 -887 0
-883 -888 0
-883 -889 0
-884 -885 0
-884 -886 0
-884 -887 0
-884 -888 0
-884 -889 0
-885 -886 0
-885 -887 0
-885 -888 0
-885 -889 0
-886 -887 0
-886 -888 0
-886 -889 0
-887 -888 0
-887 -889 0
-888 -889 0
891 892 893 894 895 896 897 898 899 0
-891 -892 0
-891 -893 0
-891 -894 0
-891 -895 0
-891 -896 0
-891 -897 0
-891 -898 0
-891 -899 0
-892 -893 0
-892 -894 0
-892 -895 0
-892 -896 0
-892 -897 0
-892 -898 0
-892 -899 0
-893 -894 0
-893 -895 0
-893 -896 0
-893 -897 0
-893 -898 0
-893 -899 0
-894 -895 0
-894 -896 0
-894 -897 0
-894 -898 0
-894 -899 0
-895 -896 0
-895 -897 0
-895 -898 0
-895 -899 0
-896 -897 0
-896 -898 0
-896 -899 0
-897 -898 0
-897 -899 0
-898 -899 0
911 912 913 914 915 916 917 918 919 0
-911 -912 0
-911 -913 0
-911 -914 0
-911 -915 0
-911 -916 0
-911 -917 0
-911 -918 0
-911 -919 0
-912 -913 0
-912 -914 0
-912 -915 0
-912 -916 0
-912 -917 0
-912 -918 0
-912 -919 0
-913 -914 0
-913 -915 0
-913 -916 0
-913 -917 0
-913 -918 0
-913 -919 0
-914 -915 0
-914 -916 0
-914 -917 0
-914 -918 0
-914 -919 0
-915 -916 0
-915 -917 0
-915 -918 0
-915 -919 0
-916 -917 0
-916 -918 0
-916 -919 0
-917 -918 0
-917 -919 0
-918 -919 0
921 922 923 924 925 926 927 928 929 0
-921 -922 0
-921 -923 0
-921 -924 0
-921 -925 0
-921 -926 0
-921 -927 0
-921 -928 0
-921 -929 0
-922 -923 0
-922 -924 0
-922 -925 0
-922 -926 0
-922 -927 0
-922 -928 0
-922 -929 0
-923 -924 0
-923 -925 0
-923 -926 0
-923 -927 0
-923 -928 0
-923 -929 0
-924 -925 0
-924 -926 0
-924 -927 0
-924 -928 0
-924 -929 0
-925 -926 0
-925 -927 0
-925 -928 0
-925 -929 0
-926 -927 0
-926 -928 0
-926 -929 0
-927 -928 0
-927 -929 0
-928 -929 0
931 932 933 934 935 936 937 938 939 0
-931 -932 0
-931 -933 0
-931 -934 0
-931 -935 0
-931 -936 0
-931 -937 0
-931 -938 0
-931 -939 0
-932 -933 0
-932 -934 0
-932 -935 0
-932 -936 0
-932 -937 0
-932 -938 0
-932 -939 0
-933 -934 0
-933 -935 0
-933 -936 0
-933 -937 0
-933 -938 0
-933 -939 0
-934 -935 0
-934 -936 0
-934 -937 0
-934 -938 0
-934 -939 0
-935 -936 0
-935 -937 0
-935 -938 0
-935 -939 0
-936 -937 0
-936 -938 0
-936 -939 0
-937 -938 0
-937 -939 0
-938 -939 0
941 942 943 944 945 946 947 948 949 0
-941 -942 0
-941 -943 0
-941 -944 0
-941 -945 0
-941 -946 0
-941 -947 0
-941 -948 0
-941 -949 0
-942 -943 0
-942 -944 0
-942 -945 0
-942 -946 0
-942 -947 0
-942 -948 0
-942 -949 0
-943 -944 0
-943 -945 0
-943 -946 0
-943 -947 0
-943 -948 0
-943 -949 0
-944 -945 0
-944 -946 0
-944 -947 0
-944 -948 0
-944 -949 0
-945 -946 0
-945 -947 0
-945 -948 0
-945 -949 0
-946 -947 0
-946 -948 0
-946 -949 0
-947 -948 0
-947 -949 0
-948 -949 0
951 952 953 954 955 956 957 958 959 0
-951 -952 0
-951 -953 0
-951 -954 0
-951 -955 0
-951 -956 0
-951 -957 0
-951 -958 0
-951 -959 0
-952 -953 0
-952 -954 0
-952 -955 0
-952 -956 0
-952 -957 0
-952 -958 0
-952 -959 0
-953 -954 0
-953 -955 0
-953 -956 0
-953 -957 0
-953 -958 0
-953 -959 0
-954 -955 0
-954 -956 0
-954 -957 0
-954 -958 0
-954 -959 0
-955 -956 0
-955 -957 0
-955 -958 0
-955 -959 0
-956 -957 0
-956 -958 0
-956 -959 0
-957 -958 0
-957 -959 0
-958 -959 0
961 962 963 964 965 966 967 968 969 0
-961 -962 0
-961 -963 0
-961 -964 0
-961 -965 0
-961 -966 0
-961 -967 0
-961 -968 0
-961 -969 0
-962 -963 0
-962 -964 0
-962 -965 0
-962 -966 0
-962 -967 0
-962 -968 0
-962 -969 0
-963 -964 0
-963 -965 0
-963 -966 0
-963 -967 0
-963 -968 0
-963 -969 0
-964 -965 0
-964 -966 0
-964 -967 0
-964 -968 0
-964 -969 0
-965 -966 0
-965 -967 0
-965 -968 0
-965 -969 0
-966 -967 0
-966 -968 0
-966 -969 0
-967 -968 0
-967 -969 0
-968 -969 0
971 972 973 974 975 976 977 978 979 0
-971 -972 0
-971 -973 0
-971 -974 0
-971 -975 0
-971 -976 0
-971 -977 0
-971 -978 0
-971 -979 0
-972 -973 0
-972 -974 0
-972 -975 0
-972 -976 0
-972 -977 0
-972 -978 0
-972 -979 0
-973 -974 0
-973 -975 0
-973 -976 0
-973 -977 0
-973 -978 0
-973 -979 0
-974 -975 0
-974 -976 0
-974 -977 0
-974 -978 0
-974 -979 0
-975 -976 0
-975 -977 0
-975 -978 0
-975 -979 0
-976 -977 0
-976 -978 0
-976 -979 0
-977 -978 0
-977 -979 0
-978 -979 0
981 982 983 984 985 986 987 988 989 0
-981 -982 0
-981 -983 0
-981 -984 0
-981 -985 0
-981 -986 0
-981 -987 0
-981 -988 0
-981 -989 0
-982 -983 0
-982 -984 0
-982 -985 0
-982 -986 0
-982 -987 0
-982 -988 0
-982 -989 0
-983 -984 0
-983 -985 0
-983 -986 0
-983 -987 0
-983 -988 0
-983 -989 0
-984 -985 0
-984 -986 0
-984 -987 0
-984 -988 0
-984 -989 0
-985 -986 0
-985 -987 0
-985 -988 0
-985 -989 0
-986 -987 0
-986 -988 0
-986 -989 0
-987 -988 0
-987 -989 0
-988 -989 0
991 992 993 994 995 996 997 998 999 0
-991 -992 0
-991 -993 0
-991 -994 0
-991 -995 0
-991 -996 0
-991 -997 0
-991 -998 0
-991 -999 0
-992 -993 0
-992 -994 0
-992 -995 0
-992 -996 0
-992 -997 0
-992 -998 0
-992 -999 0
-993 -994 0
-993 -995 0
-993 -996 0
-993 -997 0
-993 -998 0
-993 -999 0
-994 -995 0
-994 -996 0
-994 -997 0
-994 -998 0
-994 -999 0
-995 -996 0
-995 -997 0
-995 -998 0
-995 -999 0
-996 -997 0
-996 -998 0
-996 -999 0
-997 -998 0
-997 -999 0
-998 -999 0
111 121 131 141 151 161 171 181 191 0
-111 -121 0
-111 -131 0
-111 -141 0
-111 -151 0
-111 -161 0
-111 -171 0
-111 -181 0
-111 -191 0
-121 -131 0
-121 -141 0
-121 -151 0
-121 -161 0
-121 -171 0
-121 -181 0
-121 -191 0
-131 -141 0
-131 -151 0
-131 -161 0
-131 -171 0
-131 -181 0
-131 -191 0
-141 -151 0
-141 -161 0
-141 -171 0
-141 -181 0
-141 -191 0
-151 -161 0
-151 -171 0
-151 -181 0
-151 -191 0
-161 -171 0
-161 -181 0
-161 -191 0
-171 -181 0
-171 -191 0
-181 -191 0
112 122 132 142 152 162 172 182 192 0
-112 -122 0
-112 -132 0
-112 -142 0
-112 -152 0
-112 -162 0
-112 -172 0
-112 -182 0
-112 -192 0
-122 -132 0
-122 -142 0
-122 -152 0
-122 -162 0
-122 -172 0
-122 -182 0
-122 -192 0
-132 -142 0
-132 -152 0
-132 -162 0
-132 -172 0
-132 -182 0
-132 -192 0
-142 -152 0
-142 -162 0
-142 -172 0
-142 -182 0
-142 -192 0
-152 -162 0
-152 -172 0
-152 -182 0
-152 -192 0
-162 -172 0
-162 -182 0
-162 -192 0
-172 -182 0
-172 -192 0
-182 -192 0
113 123 133 143 153 163 173 183 193 0
-113 -123 0
-113 -133 0
-113 -143 0
-113 -153 0
-113 -163 0
-113 -173 0
-113 -183 0
-113 -193 0
-123 -133 0
-123 -143 0
-123 -153 0
-123 -163 0
-123 -173 0
-123 -183 0
-123 -193 0
-133 -143 0
-133 -153 0
-133 -163 0
-133 -173 0
-133 -183 0
-133 -193 0
-143 -153 0
-143 -163 0
-143 -173 0
-143 -183 0
-143 -193 0
-153 -163 0
-153 -173 0
-153 -183 0
-153 -193 0
-163 -173 0
-163 -183 0
-163 -193 0
-173 -183 0
-173 -193 0
-183 -193 0
114 124 134 144 154 164 174 184 194 0
-114 -124 0
-114 -134 0
-114 -144 0
-114 -154 0
-114 -164 0
-114 -174 0
-114 -184 0
-114 -194 0
-124 -134 0
-124 -144 0
-124 -154 0
-124 -164 0
-124 -174 0
-124 -184 0
-124 -194 0
-134 -144 0
-134 -154 0
-134 -164 0
-134 -174 0
-134 -184 0
-134 -194 0
-144 -154 0
-144 -164 0
-144 -174 0
-144 -184 0
-144 -194 0
-154 -164 0
-154 -174 0
-154 -184 0
-154 -194 0
-164 -174 0
-164 -184 0
-164 -194 0
-174 -184 0
-174 -194 0
-184 -194 0
115 125 135 145 155 165 175 185 195 0
-115 -125 0
-115 -135 0
-115 -145 0
-115 -155 0
-115 -165 0
-115 -175 0
-115 -185 0
-115 -195 0
-125 -135 0
-125 -145 0
-125 -155 0
-125 -165 0
-125 -175 0
-125 -185 0
-125 -195 0
-135 -145 0
-135 -155 0
-135 -165 0
-135 -175 0
-135 -185 0
-135 -195 0
-145 -155 0
-145 -165 0
-145 -175 0
-145 -185 0
-145 -195 0
-155 -165 0
-155 -175 0
-155 -185 0
-155 -195 0
-165 -175 0
-165 -185 0
-165 -195 0
-175 -185 0
-175 -195 0
-185 -195 0
116 126 136 146 156 166 176 186 196 0
-116 -126 0
-116 -136 0
-116 -146 0
-116 -156 0
-116 -166 0
-116 -176 0
-116 -186 0
-116 -196 0
-126 -136 0
-126 -146 0
-126 -156 0
-126 -166 0
-126 -176 0
-126 -186 0
-126 -196 0
-136 -146 0
-136 -156 0
-136 -166 0
-136 -176 0
-136 -186 0
-136 -196 0
-146 -156 0
-146 -166 0
-146 -176 0
-146 -186 0
-146 -196 0
-156 -166 0
-156 -176 0
-156 -186 0
-156 -196 0
-166 -176 0
-166 -186 0
-166 -196 0
-176 -186 0
-176 -196 0
-186 -196 0
117 127 137 147 157 167 177 187 197 0
-117 -127 0
-117 -137 0
-117 -147 0
-117 -157 0
-117 -167 0
-117 -177 0
-117 -187 0
-117 -197 0
-127 -137 0
-127 -147 0
-127 -157 0
-127 -167 0
-127 -177 0
-127 -187 0
-127 -197 0
-137 -147 0
-137 -157 0
-137 -167 0
-137 -177 0
-137 -187 0
-137 -197 0
-147 -157 0
-147 -167 0
-147 -177 0
-147 -187 0
-147 -197 0
-157 -167 0
-157 -177 0
-157 -187 0
-157 -197 0
-167 -177 0
-167 -187 0
-167 -197 0
-177 -187 0
-177 -197 0
-187 -197 0
118 128 138 148 158 168 178 188 198 0
-118 -128 0
-118 -138 0
-118 -148 0
-118 -158 0
-118 -168 0
-118 -178 0
-118 -188 0
-118 -198 0
-128 -138 0
-128 -148 0
-128 -158 0
-128 -168 0
-128 -178 0
-128 -188 0
-128 -198 0
-138 -148 0
-138 -158 0
-138 -168 0
-138 -178 0
-138 -188 0
-138 -198 0
-148 -158 0
-148 -168 0
-148 -178 0
-148 -188 0
-148 -198 0
-158 -168 0
-158 -178 0
-158 -188 0
-158 -198 0
-168 -178 0
-168 -188 0
-168 -198 0
-178 -188 0
-178 -198 0
-188 -198 0
119 129 139 149 159 169 179 189 199 0
-119 -129 0
-119 -139 0
-119 -149 0
-119 -159 0
-119 -169 0
-119 -179 0
-119 -189 0
-119 -199 0
-129 -139 0
-129 -149 0
-129 -159 0
-129 -169 0
-129 -179 0
-129 -189 0
-129 -199 0
-139 -149 0
-139 -159 0
-139 -169 0
-139 -179 0
-139 -189 0
-139 -199 0
-149 -159 0
-149 -169 0
-149 -179 0
-149 -189 0
-149 -199 0
-159 -169 0
-159 -179 0
-159 -189 0
-159 -199 0
-169 -179 0
-169 -189 0
-169 -199 0
-179 -189 0
-179 -199 0
-189 -199 0
211 221 231 241 251 261 271 281 291 0
-211 -221 0
-211 -231 0
-211 -241 0
-211 -251 0
-211 -261 0
-211 -271 0
-211 -281 0
-211 -291 0
-221 -231 0
-221 -241 0
-221 -251 0
-221 -261 0
-221 -271 0
-221 -281 0
-221 -291 0
-231 -241 0
-231 -251 0
-231 -261 0
-231 -271 0
-231 -281 0
-231 -291 0
-241 -251 0
-241 -261 0
-241 -271 0
-241 -281 0
-241 -291 0
-251 -261 0
-251 -271 0
-251 -281 0
-251 -291 0
-261 -271 0
-261 -281 0
-261 -291 0
-271 -281 0
-271 -291 0
-281 -291 0
212 222 232 242 252 262 272 282 292 0
-212 -222 0
-212 -232 0
-212 -242 0
-212 -252 0
-212 -262 0
-212 -272 0
-212 -282 0
-212 -292 0
-222 -232 0
-222 -242 0
-222 -252 0
-222 -262 0
-222 -272 0
-222 -282 0
-222 -292 0
-232 -242 0
-232 -252 0
-232 -262 0
-232 -272 0
-232 -282 0
-232 -292 0
-242 -252 0
-242 -262 0
-242 -272 0
-242 -282 0
-242 -292 0
-252 -262 0
-252 -272 0
-252 -282 0
-252 -292 0
-262 -272 0
-262 -282 0
-262 -292 0
-272 -282 0
-272 -292 0
-282 -292 0
213 223 233 243 253 263 273 283 293 0
-213 -223 0
-213 -233 0
-213 -243 0
-213 -253 0
-213 -263 0
-213 -273 0
-213 -283 0
-213 -293 0
-223 -233 0
-223 -243 0
-223 -253 0
-223 -263 0
-223 -273 0
-223 -283 0
-223 -293 0
-233 -243 0
-233 -253 0
-233 -263 0
-233 -273 0
-233 -283 0
-233 -293 0
-243 -253 0
-243 -263 0
-243 -273 0
-243 -283 0
-243 -293 0
-253 -263 0
-253 -273 0
-253 -283 0
-253 -293 0
-263 -273 0
-263 -283 0
-263 -293 0
-273 -283 0
-273 -293 0
-283 -293 0
214 224 234 244 254 264 274 284 294 0
-214 -224 0
-214 -234 0
-214 -244 0
-214 -254 0
-214 -264 0
-214 -274 0
-214 -284 0
-214 -294 0
-224 -234 0
-224 -244 0
-224 -254 0
-224 -264 0
-224 -274 0
-224 -284 0
-224 -294 0
-234 -244 0
-234 -254 0
-234 -264 0
-234 -274 0
-234 -284 0
-234 -294 0
-244 -254 0
-244 -264 0
-244 -274 0
-244 -284 0
-244 -294 0
-254 -264 0
-254 -274 0
-254 -284 0
-254 -294 0
-264 -274 0
-264 -284 0
-264 -294 0
-274 -284 0
-274 -294 0
-284 -294 0
215 225 235 245 255 265 275 285 295 0
-215 -225 0
-215 -235 0
-215 -245 0
-215 -255 0
-215 -265 0
-215 -275 0
-215 -285 0
-215 -295 0
-225 -235 0
-225 -245 0
-225 -255 0
-225 -265 0
-225 -275 0
-225 -285 0
-225 -295 0
-235 -245 0
-235 -255 0
-235 -265 0
-235 -275 0
-235 -285 0
-235 -295 0
-245 -255 0
-245 -265 0
-245 -275 0
-245 -285 0
-245 -295 0
-255 -265 0
-255 -275 0
-255 -285 0
-255 -295 0
-265 -275 0
-265 -285 0
-265 -295 0
-275 -285 0
-275 -295 0
-285 -295 0
216 226 236 246 256 266 276 286 296 0
-216 -226 0
-216 -236 0
-216 -246 0
-216 -256 0
-216 -266 0
-216 -276 0
-216 -286 0
-216 -296 0
-226 -236 0
-226 -246 0
-226 -256 0
-226 -266 0
-226 -276 0
-226 -286 0
-226 -296 0
-236 -246 0
-236 -256 0
-236 -266 0
-236 -276 0
-236 -286 0
-236 -296 0
-246 -256 0
-246 -266 0
-246 -276 0
-246 -286 0
-246 -296 0
-256 -266 0
-256 -276 0
-256 -286 0
-256 -296 0
-266 -276 0
-266 -286 0
-266 -296 0
-276 -286 0
-276 -296 0
-286 -296 0
217 227 237 247 257 267 277 287 297 0
-217 -227 0
-217 -237 0
-217 -247 0
-217 -257 0
-217 -267 0
-217 -277 0
-217 -287 0
-217 -297 0
-227 -237 0
-227 -247 0
-227 -257 0
-227 -267 0
-227 -277 0
-227 -287 0
-227 -297 0
-237 -247 0
-237 -257 0
-237 -267 0
-237 -277 0
-237 -287 0
-237 -297 0
-247 -257 0
-247 -267 0
-247 -277 0
-247 -287 0
-247 -297 0
-257 -267 0
-257 -277 0
-257 -287 0
-257 -297 0
-267 -277 0
-267 -287 0
-267 -297 0
-277 -287 0
-277 -297 0
-287 -297 0
218 228 238 248 258 268 278 288 298 0
-218 -228 0
-218 -238 0
-218 -248 0
-218 -258 0
-218 -268 0
-218 -278 0
-218 -288 0
-218 -298 0
-228 -238 0
-228 -248 0
-228 -258 0
-228 -268 0
-228 -278 0
-228 -288 0
-228 -298 0
-238 -248 0
-238 -258 0
-238 -268 0
-238 -278 0
-238 -288 0
-238 -298 0
-248 -258 0
-248 -268 0
-248 -278 0
-248 -288 0
-248 -298 0
-258 -268 0
-258 -278 0
-258 -288 0
-258 -298 0
-268 -278 0
-268 -288 0
-268 -298 0
-278 -288 0
-278 -298 0
-288 -298 0
219 229 239 249 259 269 279 289 299 0
-219 -229 0
-219 -239 0
-219 -249 0
-219 -259 0
-219 -269 0
-219 -279 0
-219 -289 0
-219 -299 0
-229 -239 0
-229 -249 0
-229 -259 0
-229 -269 0
-229 -279 0
-229 -289 0
-229 -299 0
-239 -249 0
-239 -259 0
-239 -269 0
-239 -279 0
-239 -289 0
-239 -299 0
-249 -259 0
-249 -269 0
-249 -279 0
-249 -289 0
-249 -299 0
-259 -269 0
-259 -279 0
-259 -289 0
-259 -299 0
-269 -279 0
-269 -289 0
-269 -299 0
-279 -289 0
-279 -299 0
-289 -299 0
311 321 331 341 351 361 371 381 391 0
-311 -321 0
-311 -331 0
-311 -341 0
-311 -351 0
-311 -361 0
-311 -371 0
-311 -381 0
-311 -391 0
-321 -331 0
-321 -341 0
-321 -351 0
-321 -361 0
-321 -371 0
-321 -381 0
-321 -391 0
-331 -341 0
-331 -351 0
-331 -361 0
-331 -371 0
-331 -381 0
-331 -391 0
-341 -351 0
-341 -361 0
-341 -371 0
-341 -381 0
-341 -391 0
-351 -361 0
-351 -371 0
-351 -381 0
-351 -391 0
-361 -371 0
-361 -381 0
-361 -391 0
-371 -381 0
-371 -391 0
-381 -391 0
312 322 332 342 352 362 372 382 392 0
-312 -322 0
-312 -332 0
-312 -342 0
-312 -352 0
-312 -362 0
-312 -372 0
-312 -382 0
-312 -392 0
-322 -332 0
-322 -342 0
-322 -352 0
-322 -362 0
-322 -372 0
-322 -382 0
-322 -392 0
-332 -342 0
-332 -352 0
-332 -362 0
-332 -372 0
-332 -382 0
-332 -392 0
-342 -352 0
-342 -362 0
-342 -372 0
-342 -382 0
-342 -392 0
-352 -362 0
-352 -372 0
-352 -382 0
-352 -392 0
-362 -372 0
-362 -382 0
-362 -392 0
-372 -382 0
-372 -392 0
-382 -392 0
313 323 333 343 353 363 373 383 393 0
-313 -323 0
-313 -333 0
-313 -343 0
-313 -353 0
-313 -363 0
-313 -373 0
-313 -383 0
-313 -393 0
-323 -333 0
-323 -343 0
-323 -353 0
-323 -363 0
-323 -373 0
-323 -383 0
-323 -393 0
-333 -343 0
-333 -353 0
-333 -363 0
-333 -373 0
-333 -383 0
-333 -393 0
-343 -353 0
-343 -363 0
-343 -373 0
-343 -383 0
-343 -393 0
-353 -363 0
-353 -373 0
-353 -383 0
-353 -393 0
-363 -373 0
-363 -383 0
-363 -393 0
-373 -383 0
-373 -393 0
-383 -393 0
314 324 334 344 354 364 374 384 394 0
-314 -324 0
-314 -334 0
-314 -344 0
-314 -354 0
-314 -364 0
-314 -374 0
-314 -384 0
-314 -394 0
-324 -334 0
-324 -344 0
-324 -354 0
-324 -364 0
-324 -374 0
-324 -384 0
-324 -394 0
-334 -344 0
-334 -354 0
-334 -364 0
-334 -374 0
-334 -384 0
-334 -394 0
-344 -354 0
-344 -364 0
-344 -374 0
-344 -384 0
-344 -394 0
-354 -364 0
-354 -374 0
-354 -384 0
-354 -394 0
-364 -374 0
-364 -384 0
-364 -394 0
-374 -384 0
-374 -394 0
-384 -394 0
315 325 335 345 355 365 375 385 395 0
-315 -325 0
-315 -335 0
-315 -345 0
-315 -355 0
-315 -365 0
-315 -375 0
-315 -385 0
-315 -395 0
-325 -335 0
-325 -345 0
-325 -355 0
-325 -365 0
-325 -375 0
-325 -385 0
-325 -395 0
-335 -345 0
-335 -355 0
-335 -365 0
-335 -375 0
-335 -385 0
-335 -395 0
-345 -355 0
-345 -365 0
-345 -375 0
-345 -385 0
-345 -395 0
-355 -365 0
-355 -375 0
-355 -385 0
-355 -395 0
-365 -375 0
-365 -385 0
-365 -395 0
-375 -385 0
-375 -395 0
-385 -395 0
316 326 336 346 356 366 376 386 396 0
-316 -326 0
-316 -336 0
-316 -346 0
-316 -356 0
-316 -366 0
-316 -376 0
-316 -386 0
-316 -396 0
-326 -336 0
-326 -346 0
-326 -356 0
-326 -366 0
-326 -376 0
-326 -386 0
-326 -396 0
-336 -346 0
-336 -356 0
-336 -366 0
-336 -376 0
-336 -386 0
-336 -396 0
-346 -356 0
-346 -366 0
-346 -376 0
-346 -386 0
-346 -396 0
-356 -366 0
-356 -376 0
-356 -386 0
-356 -396 0
-366 -376 0
-366 -386 0
-366 -396 0
-376 -386 0
-376 -396 0
-386 -396 0
317 327 337 347 357 367 377 387 397 0
-317 -327 0
-317 -337 0
-317 -347 0
-317 -357 0
-317 -367 0
-317 -377 0
-317 -387 0
-317 -397 0
-327 -337 0
-327 -347 0
-327 -357 0
-327 -367 0
-327 -377 0
-327 -387 0
-327 -397 0
-337 -347 0
-337 -357 0
-337 -367 0
-337 -377 0
-337 -387 0
-337 -397 0
-347 -357 0
-347 -367 0
-347 -377 0
-347 -387 0
-347 -397 0
-357 -367 0
-357 -377 0
-357 -387 0
-357 -397 0
-367 -377 0
-367 -387 0
-367 -397 0
-377 -387 0
-377 -397 0
-387 -397 0
318 328 338 348 358 368 378 388 398 0
-318 -328 0
-318 -338 0
-318 -348 0
-318 -358 0
-318 -368 0
-318 -378 0
-318 -388 0
-318 -398 0
-328 -338 0
-328 -348 0
-328 -358 0
-328 -368 0
-328 -378 0
-328 -388 0
-328 -398 0
-338 -348 0
-338 -358 0
-338 -368 0
-338 -378 0
-338 -388 0
-338 -398 0
-348 -358 0
-348 -368 0
-348 -378 0
-348 -388 0
-348 -398 0
-358 -368 0
-358 -378 0
-358 -388 0
-358 -398 0
-368 -378 0
-368 -388 0
-368 -398 0
-378 -388 0
-378 -398 0
-388 -398 0
319 329 339 349 359 369 379 389 399 0
-319 -329 0
-319 -339 0
-319 -349 0
-319 -359 0
-319 -369 0
-319 -379 0
-319 -389 0
-319 -399 0
-329 -339 0
-329 -349 0
-329 -359 0
-329 -369 0
-329 -379 0
-329 -389 0
-329 -399 0
-339 -349 0
-339 -359 0
-339 -369 0
-339 -379 0
-339 -389 0
-339 -399 0
-349 -359 0
-349 -369 0
-349 -379 0
-349 -389 0
-349 -399 0
-359 -369 0
-359 -379 0
-359 -389 0
-359 -399 0
-369 -379 0
-369 -389 0
-369 -399 0
-379 -389 0
-379 -399 0
-389 -399 0
411 421 431 441 451 461 471 481 491 0
-411 -421 0
-411 -431 0
-411 -441 0
-411 -451 0
-411 -461 0
-411 -471 0
-411 -481 0
-411 -491 0
-421 -431 0
-421 -441 0
-421 -451 0
-421 -461 0
-421 -471 0
-421 -481 0
-421 -491 0
-431 -441 0
-431 -451 0
-431 -461 0
-431 -471 0
-431 -481 0
-431 -491 0
-441 -451 0
-441 -461 0
-441 -471 0
-441 -481 0
-441 -491 0
-451 -461 0
-451 -471 0
-451 -481 0
-451 -491 0
-461 -471 0
-461 -481 0
-461 -491 0
-471 -481 0
-471 -491 0
-481 -491 0
412 422 432 442 452 462 472 482 492 0
-412 -422 0
-412 -432 0
-412 -442 0
-412 -452 0
-412 -462 0
-412 -472 0
-412 -482 0
-412 -492 0
-422 -432 0
-422 -442 0
-422 -452 0
-422 -462 0
-422 -472 0
-422 -482 0
-422 -492 0
-432 -442 0
-432 -452 0
-432 -462 0
-432 -472 0
-432 -482 0
-432 -492 0
-442 -452 0
-442 -462 0
-442 -472 0
-442 -482 0
-442 -492 0
-452 -462 0
-452 -472 0
-452 -482 0
-452 -492 0
-462 -472 0
-462 -482 0
-462 -492 0
-472 -482 0
-472 -492 0
-482 -492 0
413 423 433 443 453 463 473 483 493 0
-413 -423 0
-413 -433 0
-413 -443 0
-413 -453 0
-413 -463 0
-413 -473 0
-413 -483 0
-413 -493 0
-423 -433 0
-423 -443 0
-423 -453 0
-423 -463 0
-423 -473 0
-423 -483 0
-423 -493 0
-433 -443 0
-433 -453 0
-433 -463 0
-433 -473 0
-433 -483 0
-433 -493 0
-443 -453 0
-443 -463 0
-443 -473 0
-443 -483 0
-443 -493 0
-453 -463 0
-453 -473 0
-453 -483 0
-453 -493 0
-463 -473 0
-463 -483 0
-463 -493 0
-473 -483 0
-473 -493 0
-483 -493 0
414 424 434 444 454 464 474 484 494 0
-414 -424 0
-414 -434 0
-414 -444 0
-414 -454 0
-414 -464 0
-414 -474 0
-414 -484 0
-414 -494 0
-424 -434 0
-424 -444 0
-424 -454 0
-424 -464 0
-424 -474 0
-424 -484 0
-424 -494 0
-434 -444 0
-434 -454 0
-434 -464 0
-434 -474 0
-434 -484 0
-434 -494 0
-444 -454 0
-444 -464 0
-444 -474 0
-444 -484 0
-444 -494 0
-454 -464 0
-454 -474 0
-454 -484 0
-454 -494 0
-464 -474 0
-464 -484 0
-464 -494 0
-474 -484 0
-474 -494 0
-484 -494 0
415 425 435 445 455 465 475 485 495 0
-415 -425 0
-415 -435 0
-415 -445 0
-415 -455 0
-415 -465 0
-415 -475 0
-415 -485 0
-415 -495 0
-425 -435 0
-425 -445 0
-425 -455 0
-425 -465 0
-425 -475 0
-425 -485 0
-425 -495 0
-435 -445 0
-435 -455 0
-435 -465 0
-435 -475 0
-435 -485 0
-435 -495 0
-445 -455 0
-445 -465 0
-445 -475 0
-445 -485 0
-445 -495 0
-455 -465 0
-455 -475 0
-455 -485 0
-455 -495 0
-465 -475 0
-465 -485 0
-465 -495 0
-475 -485 0
-475 -495 0
-485 -495 0
416 426 436 446 456 466 476 486 496 0
-416 -426 0
-416 -436 0
-416 -446 0
-416 -456 0
-416 -466 0
-416 -476 0
-416 -486 0
-416 -496 0
-426 -436 0
-426 -446 0
-426 -456 0
-426 -466 0
-426 -476 0
-426 -486 0
-426 -496 0
-436 -446 0
-436 -456 0
-436 -466 0
-436 -476 0
-436 -486 0
-436 -496 0
-446 -456 0
-446 -466 0
-446 -476 0
-446 -486 0
-446 -496 0
-456 -466 0
-456 -476 0
-456 -486 0
-456 -496 0
-466 -476 0
-466 -486 0
-466 -496 0
-476 -486 0
-476 -496 0
-486 -496 0
417 427 437 447 457 467 477 487 497 0
-417 -427 0
-417 -437 0
-417 -447 0
-417 -457 0
-417 -467 0
-417 -477 0
-417 -487 0
-417 -497 0
-427 -437 0
-427 -447 0
-427 -457 0
-427 -467 0
-427 -477 0
-427 -487 0
-427 -497 0
-437 -447 0
-437 -457 0
-437 -467 0
-437 -477 0
-437 -487 0
-437 -497 0
-447 -457 0
-447 -467 0
-447 -477 0
-447 -487 0
-447 -497 0
-457 -467 0
-457 -477 0
-457 -487 0
-457 -497 0
-467 -477 0
-467 -487 0
-467 -497 0
-477 -487 0
-477 -497 0
-487 -497 0
418 428 438 448 458 468 478 488 498 0
-418 -428 0
-418 -438 0
-418 -448 0
-418 -458 0
-418 -468 0
-418 -478 0
-418 -488 0
-418 -498 0
-428 -438 0
-428 -448 0
-428 -458 0
-428 -468 0
-428 -478 0
-428 -488 0
-428 -498 0
-438 -448 0
-438 -458 0
-438 -468 0
-438 -478 0
-438 -488 0
-438 -498 0
-448 -458 0
-448 -468 0
-448 -478 0
-448 -488 0
-448 -498 0
-458 -468 0
-458 -478 0
-458 -488 0
-458 -498 0
-468 -478 0
-468 -488 0
-468 -498 0
-478 -488 0
-478 -498 0
-488 -498 0
419 429 439 449 459 469 479 489 499 0
-419 -429 0
-419 -439 0
-419 -449 0
-419 -459 0
-419 -469 0
-419 -479 0
-419 -489 0
-419 -499 0
-429 -439 0
-429 -449 0
-429 -459 0
-429 -469 0
-429 -479 0
-429 -489 0
-429 -499 0
-439 -449 0
-439 -459 0
-439 -469 0
-439 -479 0
-439 -489 0
-439 -499 0
-449 -459 0
-449 -469 0
-449 -479 0
-449 -489 0
-449 -499 0
-459 -469 0
-459 -479 0
-459 -489 0
-459 -499 0
-469 -479 0
-469 -489 0
-469 -499 0
-479 -489 0
-479 -499 0
-489 -499 0
511 521 531 541 551 561 571 581 591 0
-511 -521 0
-511 -531 0
-511 -541 0
-511 -551 0
-511 -561 0
-511 -571 0
-511 -581 0
-511 -591 0
-521 -531 0
-521 -541 0
-521 -551 0
-521 -561 0
-521 -571 0
-521 -581 0
-521 -591 0
-531 -541 0
-531 -551 0
-531 -561 0
-531 -571 0
-531 -581 0
-531 -591 0
-541 -551 0
-541 -561 0
-541 -571 0
-541 -581 0
-541 -591 0
-551 -561 0
-551 -571 0
-551 -581 0
-551 -591 0
-561 -571 0
-561 -581 0
-561 -591 0
-571 -581 0
-571 -591 0
-581 -591 0
512 522 532 542 552 562 572 582 592 0
-512 -522 0
-512 -532 0
-512 -542 0
-512 -552 0
-512 -562 0
-512 -572 0
-512 -582 0
-512 -592 0
-522 -532 0
-522 -542 0
-522 -552 0
-522 -562 0
-522 -572 0
-522 -582 0
-522 -592 0
-532 -542 0
-532 -552 0
-532 -562 0
-532 -572 0
-532 -582 0
-532 -592 0
-542 -552 0
-542 -562 0
-542 -572 0
-542 -582 0
-542 -592 0
-552 -562 0
-552 -572 0
-552 -582 0
-552 -592 0
-562 -572 0
-562 -582 0
-562 -592 0
-572 -582 0
-572 -592 0
-582 -592 0
513 523 533 543 553 563 573 583 593 0
-513 -523 0
-513 -533 0
-513 -543 0
-513 -553 0
-513 -563 0
-513 -573 0
-513 -583 0
-513 -593 0
-523 -533 0
-523 -543 0
-523 -553 0
-523 -563 0
-523 -573 0
-523 -583 0
-523 -593 0
-533 -543 0
-533 -553 0
-533 -563 0
-533 -573 0
-533 -583 0
-533 -593 0
-543 -553 0
-543 -563 0
-543 -573 0
-543 -583 0
-543 -593 0
-553 -563 0
-553 -573 0
-553 -583 0
-553 -593 0
-563 -573 0
-563 -583 0
-563 -593 0
-573 -583 0
-573 -593 0
-583 -593 0
514 524 534 544 554 564 574 584 594 0
-514 -524 0
-514 -534 0
-514 -544 0
-514 -554 0
-514 -564 0
-514 -574 0
-514 -584 0
-514 -594 0
-524 -534 0
-524 -544 0
-524 -554 0
-524 -564 0
-524 -574 0
-524 -584 0
-524 -594 0
-534 -544 0
-534 -554 0
-534 -564 0
-534 -574 0
-534 -584 0
-534 -594 0
-544 -554 0
-544 -564 0
-544 -574 0
-544 -584 0
-544 -594 0
-554 -564 0
-554 -574 0
-554 -584 0
-554 -594 0
-564 -574 0
-564 -584 0
-564 -594 0
-574 -584 0
-574 -594 0
-584 -594 0
515 525 535 545 555 565 575 585 595 0
-515 -525 0
-515 -535 0
-515 -545 0
-515 -555 0
-515 -565 0
-515 -575 0
-515 -585 0
-515 -595 0
-525 -535 0
-525 -545 0
-525 -555 0
-525 -565 0
-525 -575 0
-525 -585 0
-525 -595 0
-535 -545 0
-535 -555 0
-535 -565 0
-535 -575 0
-535 -585 0
-535 -595 0
-545 -555 0
-545 -565 0
-545 -575 0
-545 -585 0
-545 -595 0
-555 -565 0
-555 -575 0
-555 -585 0
-555 -595 0
-565 -575 0
-565 -585 0
-565 -595 0
-575 -585 0
-575 -595 0
-585 -595 0
516 526 536 546 556 566 576 586 596 0
-516 -526 0
-516 -536 0
-516 -546 0
-516 -556 0
-516 -566 0
-516 -576 0
-516 -586 0
-516 -596 0
-526 -536 0
-526 -546 0
-526 -556 0
-526 -566 0
-526 -576 0
-526 -586 0
-526 -596 0
-536 -546 0
-536 -556 0
-536 -566 0
-536 -576 0
-536 -586 0
-536 -596 0
-546 -556 0
-546 -566 0
-546 -576 0
-546 -586 0
-546 -596 0
-556 -566 0
-556 -576 0
-556 -586 0
-556 -596 0
-566 -576 0
-566 -586 0
-566 -596 0
-576 -586 0
-576 -596 0
-586 -596 0
517 527 537 547 557 567 577 587 597 0
-517 -527 0
-517 -537 0
-517 -547 0
-517 -557 0
-517 -567 0
-517 -577 0
-517 -587 0
-517 -597 0
-527 -537 0
-527 -547 0
-527 -557 0
-527 -567 0
-527 -577 0
-527 -587 0
-527 -597 0
-537 -547 0
-537 -557 0
-537 -567 0
-537 -577 0
-537 -587 0
-537 -597 0
-547 -557 0
-547 -567 0
-547 -577 0
-547 -587 0
-547 -597 0
-557 -567 0
-557 -577 0
-557 -587 0
-557 -597 0
-567 -577 0
-567 -587 0
-567 -597 0
-577 -587 0
-577 -597 0
-587 -597 0
518 528 538 548 558 568 578 588 598 0
-518 -528 0
-518 -538 0
-518 -548 0
-518 -558 0
-518 -568 0
-518 -578 0
-518 -588 0
-518 -598 0
-528 -538 0
-528 -548 0
-528 -558 0
-528 -568 0
-528 -578 0
-528 -588 0
-528 -598 0
-538 -548 0
-538 -558 0
-538 -568 0
-538 -578 0
-538 -588 0
-538 -598 0
-548 -558 0
-548 -568 0
-548 -578 0
-548 -588 0
-548 -598 0
-558 -568 0
-558 -578 0
-558 -588 0
-558 -598 0
-568 -578 0
-568 -588 0
-568 -598 0
-578 -588 0
-578 -598 0
-588 -598 0
519 529 539 549 559 569 579 589 599 0
-519 -529 0
-519 -539 0
-519 -549 0
-519 -559 0
-519 -569 0
-519 -579 0
-519 -589 0
-519 -599 0
-529 -539 0
-529 -549 0
-529 -559 0
-529 -569 0
-529 -579 0
-529 -589 0
-529 -599 0
-539 -549 0
-539 -559 0
-539 -569 0
-539 -579 0
-539 -589 0
-539 -599 0
-549 -559 0
-549 -569 0
-549 -579 0
-549 -589 0
-549 -599 0
-559 -569 0
-559 -579 0
-559 -589 0
-559 -599 0
-569 -579 0
-569 -589 0
-569 -599 0
-579 -589 0
-579 -599 0
-589 -599 0
611 621 631 641 651 661 671 681 691 0
-611 -621 0
-611 -631 0
-611 -641 0
-611 -651 0
-611 -661 0
-611 -671 0
-611 -681 0
-611 -691 0
-621 -631 0
-621 -641 0
-621 -651 0
-621 -661 0
-621 -671 0
-621 -681 0
-621 -691 0
-631 -641 0
-631 -651 0
-631 -661 0
-631 -671 0
-631 -681 0
-631 -691 0
-641 -651 0
-641 -661 0
-641 -671 0
-641 -681 0
-641 -691 0
-651 -661 0
-651 -671 0
-651 -681 0
-651 -691 0
-661 -671 0
-661 -681 0
-661 -691 0
-671 -681 0
-671 -691 0
-681 -691 0
612 622 632 642 652 662 672 682 692 0
-612 -622 0
-612 -632 0
-612 -642 0
-612 -652 0
-612 -662 0
-612 -672 0
-612 -682 0
-612 -692 0
-622 -632 0
-622 -642 0
-622 -652 0
-622 -662 0
-622 -672 0
-622 -682 0
-622 -692 0
-632 -642 0
-632 -652 0
-632 -662 0
-632 -672 0
-632 -682 0
-632 -692 0
-642 -652 0
-642 -662 0
-642 -672 0
-642 -682 0
-642 -692 0
-652 -662 0
-652 -672 0
-652 -682 0
-652 -692 0
-662 -672 0
-662 -682 0
-662 -692 0
-672 -682 0
-672 -692 0
-682 -692 0
613 623 633 643 653 663 673 683 693 0
-613 -623 0
-613 -633 0
-613 -643 0
-613 -653 0
-613 -663 0
-613 -673 0
-613 -683 0
-613 -693 0
-623 -633 0
-623 -643 0
-623 -653 0
-623 -663 0
-623 -673 0
-623 -683 0
-623 -693 0
-633 -643 0
-633 -653 0
-633 -663 0
-633 -673 0
-633 -683 0
-633 -693 0
-643 -653 0
-643 -663 0
-643 -673 0
-643 -683 0
-643 -693 0
-653 -663 0
-653 -673 0
-653 -683 0
-653 -693 0
-663 -673 0
-663 -683 0
-663 -693 0
-673 -683 0
-673 -693 0
-683 -693 0
614 624 634 644 654 664 674 684 694 0
-614 -624 0
-614 -634 0
-614 -644 0
-614 -654 0
-614 -664 0
-614 -674 0
-614 -684 0
-614 -694 0
-624 -634 0
-624 -644 0
-624 -654 0
-624 -664 0
-624 -674 0
-624 -684 0
-624 -694 0
-634 -644 0
-634 -654 0
-634 -664 0
-634 -674 0
-634 -684 0
-634 -694 0
-644 -654 0
-644 -664 0
-644 -674 0
-644 -684 0
-644 -694 0
-654 -664 0
-654 -674 0
-654 -684 0
-654 -694 0
-664 -674 0
-664 -684 0
-664 -694 0
-674 -684 0
-674 -694 0
-684 -694 0
615 625 635 645 655 665 675 685 695 0
-615 -625 0
-615 -635 0
-615 -645 0
-615 -655 0
-615 -665 0
-615 -675 0
-615 -685 0
-615 -695 0
-625 -635 0
-625 -645 0
-625 -655 0
-625 -665 0
-625 -675 0
-625 -685 0
-625 -695 0
-635 -645 0
-635 -655 0
-635 -665 0
-635 -675 0
-635 -685 0
-635 -695 0
-645 -655 0
-645 -665 0
-645 -675 0
-645 -685 0
-645 -695 0
-655 -665 0
-655 -675 0
-655 -685 0
-655 -695 0
-665 -675 0
-665 -685 0
-665 -695 0
-675 -685 0
-675 -695 0
-685 -695 0
616 626 636 646 656 666 676 686 696 0
-616 -626 0
-616 -636 0
-616 -646 0
-616 -656 0
-616 -666 0
-616 -676 0
-616 -686 0
-616 -696 0
-626 -636 0
-626 -646 0
-626 -656 0
-626 -666 0
-626 -676 0
-626 -686 0
-626 -696 0
-636 -646 0
-636 -656 0
-636 -666 0
-636 -676 0
-636 -686 0
-636 -696 0
-646 -656 0
-646 -666 0
-646 -676 0
-646 -686 0
-646 -696 0
-656 -666 0
-656 -676 0
-656 -686 0
-656 -696 0
-666 -676 0
-666 -686 0
-666 -696 0
-676 -686 0
-676 -696 0
-686 -696 0
617 627 637 647 657 667 677 687 697 0
-617 -627 0
-617 -637 0
-617 -647 0
-617 -657 0
-617 -667 0
-617 -677 0
-617 -687 0
-617 -697 0
-627 -637 0
-627 -647 0
-627 -657 0
-627 -667 0
-627 -677 0
-627 -687 0
-627 -697 0
-637 -647 0
-637 -657 0
-637 -667 0
-637 -677 0
-637 -687 0
-637 -697 0
-647 -657 0
-647 -667 0
-647 -677 0
-647 -687 0
-647 -697 0
-657 -667 0
-657 -677 0
-657 -687 0
-657 -697 0
-667 -677 0
-667 -687 0
-667 -697 0
-677 -687 0
-677 -697 0
-687 -697 0
618 628 638 648 658 668 678 688 698 0
-618 -628 0
-618 -638 0
-618 -648 0
-618 -658 0
-618 -668 0
-618 -678 0
-618 -688 0
-618 -698 0
-628 -638 0
-628 -648 0
-628 -658 0
-628 -668 0
-628 -678 0
-628 -688 0
-628 -698 0
-638 -648 0
-638 -658 0
-638 -668 0
-638 -678 0
-638 -688 0
-638 -698 0
-648 -658 0
-648 -668 0
-648 -678 0
-648 -688 0
-648 -698 0
-658 -668 0
-658 -678 0
-658 -688 0
-658 -698 0
-668 -678 0
-668 -688 0
-668 -698 0
-678 -688 0
-678 -698 0
-688 -698 0
619 629 639 649 659 669 679 689 699 0
-619 -629 0
-619 -639 0
-619 -649 0
-619 -659 0
-619 -669 0
-619 -679 0
-619 -689 0
-619 -699 0
-629 -639 0
-629 -649 0
-629 -659 0
-629 -669 0
-629 -679 0
-629 -689 0
-629 -699 0
-639 -649 0
-639 -659 0
-639 -669 0
-639 -679 0
-639 -689 0
-639 -699 0
-649 -659 0
-649 -669 0
-649 -679 0
-649 -689 0
-649 -699 0
-659 -669 0
-659 -679 0
-659 -689 0
-659 -699 0
-669 -679 0
-669 -689 0
-669 -699 0
-679 -689 0
-679 -699 0
-689 -699 0
